10	10.01.17	1	46651654	84488544	0	1500	100	150	1750				
10	10.02.17	2	54546454	48478555	1	1500	100	150	1750	
10	10.03.17	3	11225544	58562616	0	1500	100	150	1750		
10	10.04.17	4	65485484	45871664	0	1500	100	150	1750				
10	10.05.17	5	84845484	66369845	0	1500	100	150	1750			
10	10.06.17	6	44484848	36215847	0	1500	100	150	1750			
10	10.07.17	7	77544456	63548125	0	1500	100	150	1750			
10	10.08.17	8	12564855	78546325	0	1500	100	150	1750
10	10.09.17	9	69544488	56958541	0	1500	100	150	1750			
10	10.10.17	10	12233211	63215598	0	1500	100	150	1750			
10	10.11.17	11	85462454	65447125	0	1500	100	150	1750			
10	10.12.17	12	44569821	23659871	0	1500	100	150	1750
11	10.01.17	1	45566465	15566556	0	2000	100	200	2300		
11	10.02.17	2	65664984	64546511	0	2000	100	200	2300	
11	10.03.17	3	65645498	12326564	0	2000	100	200	2300	
11	10.04.17	4	56355455	78787844	0	2000	100	200	2300	
11	10.05.17	5	56226263	32326454	0	2000	100	200	2300	
11	10.06.17	6	23262366	79887995	0	2000	100	200	2300	
11	10.07.17	7	59898456	78544511	0	2000	100	200	2300	
11	10.08.17	8	62659496	87865565	0	2000	100	200	2300	
11	10.09.17	9	26294959	58796566	0	2000	100	200	2300	
11	10.10.17	10	62229494	32665944	0	2000	100	200	2300	
11	10.11.17	11	26595955	15445446	0	2000	100	200	2300	
11	10.12.17	12	87878979	65494945	0	2000	100	200	2300	
12	10.01.17	1	95959484	56594877	0	2500	100	200	2800			
12	10.02.17	2	44646844	95956264	0	2500	100	200	2800	
12	10.03.17	3	59484484	23232323	0	2500	100	200	2800
12	10.04.17	4	62994854	23232323	0	2500	100	200	2800
12	10.05.17	5	54892959	23232323	0	2500	100	200	2800
12	10.06.17	6	54848132	23232323	0	2500	100	200	2800
12	10.07.17	7	26592684	23232323	0	2500	100	200	2800
12	10.08.17	8	78484848	23232323	0	2500	100	200	2800
12	10.09.17	9	56548948	23232323	0	2500	100	200	2800
12	10.10.17	10	15562665	23232323	0	2500	100	200	2800
12	10.11.17	11	84815418	23232323	0	2500	100	200	2800
12	10.12.17	12	54862565	23232323	0	2500	100	200	2800