10	10.01.17	1	12345876	10005648	0	3648264	100	0	100	300		
10	10.02.17	2	45484544	10015554	0	3648264	200	100	100	300
10	10.03.17	3	45356745	10025945	0	3648264	320	200	120	360
10	10.04.17	4	45487158	10033333	0	3648264	410	320	90	270
10	10.05.17	5	85469544	10048458	0	3648264	530	410	120	360
10	10.06.17	6	78456211	10050151	0	3648264	640	530	110	330
10	10.07.17	7	45693215	11045544	0	3648264	750	640	110	330
10	10.08.17	8	45812665	54548484	0	3648264	850	750	100	300
10	10.09.17	9	63259654	46565451	0	3648264	960	850	110	330
10	10.10.17	10	46584926	58451845	0	3648264	1050	960	90	270
10	10.11.17	11	56585154	45548455	0	3648264	1190	1050	140	420
10	10.12.17	12	54568447	57774441	0	3648264	1300	1190	110	330
11	10.01.17	1	84848444	48484848	0	1231234	150	0	150	450
11	10.02.17	2	32626265	48484848	0	1231234	300	150	150	450
11	10.03.17	3	48452512	48484848	0	1231234	500	300	200	600
11	10.04.17	4	52654848	48484848	0	1231234	750	500	250	750
11	10.05.17	5	56265954	48484848	0	1231234	900	750	150	450	
11	10.06.17	6	85626454	48484848	0	1231234	1250	900	350	1050
11	10.07.17	7	62321215	48484848	0	1231234	1500	1250	250	750	
11	10.08.17	8	62848485	48484848	0	1231234	1600	1500	100	300
11	10.09.17	9	56264845	48484848	0	1231234 1880	1600	280	840
11	10.10.17	10	52653225	48484848	0	1231234	2040	1880	260	780
11	10.11.17	11	25451544	48484848	0	1231234	2400	2040	360	1080
11	10.12.17	12	26265544	48484848	0	1231234	2750	2400	350	1050
1	10.01.17	1	66254856	25252525	0	7272727	400	0	400	1200
1	10.02.17	2	65859558	25252525	0	7272727	700	400	300	900
1	10.03.17	3	95959595	25252525	0	7272727	1200	700	500	1500
1	10.04.17	4	54848459	25252525	0	7272727	1650	1200	450	1350
1	10.05.17	5	65659595	25252525	0	7272727	1980	1650	330	990
1	10.06.17	6	98485562	25252525	0	7272727	2500	1980	520	1560	
1	10.07.17	7	63265998	25252525	0	7272727	2790	2500	290	870
1	10.08.17	8	32526256	25252525	0	7272727	3100	2790	310	930
1	10.09.17	9	12060205	25252525	0	7272727	3600	3100	500	1500
1	10.10.17	10	26260052	25252525	0	7272727	4100	3600	500	1500
1	10.11.17	11	65929988	25252525	0	7272727	4720	4100	620	1860
1	10.12.17	12	26459620	25252525	0	7272727	5000	4720	280	840